PRETRAIN=1 Loss_CL=0.37892 Loss_M=0.00000 Loss_Total=0.75784 Accuracy_CL=0.92600 f_1_0=0.05128 f_1_global=0.92600 recall_0=0.04348 recall_global=0.92600 precision_0=0.06250 precision_global=0.92600 
PRETRAIN=2 Loss_CL=0.27980 Loss_M=0.00000 Loss_Total=0.55960 Accuracy_CL=0.93200 f_1_0=0.05556 f_1_global=0.93200 recall_0=0.04348 recall_global=0.93200 precision_0=0.07692 precision_global=0.93200 
PRETRAIN=3 Loss_CL=0.20922 Loss_M=0.00000 Loss_Total=0.41844 Accuracy_CL=0.94200 f_1_0=0.21622 f_1_global=0.94200 recall_0=0.17391 recall_global=0.94200 precision_0=0.28571 precision_global=0.94200 
